1 4
1 2 1 4
1 2 1 4
1 2 1 4

1 2 1 4
1 2 1 4
1 2 1 4
1 2 1 4

12 2 3 4
12 2 3 4
12 2 3 4
12 2 3 4

0 0 0 0
0 0 0 4
23 1 23 4
23 4 23 1
4 23 1 23
1 23 4 0

32 4 3 1
31 2 3 1
32 4 3 1
31 2 3 1
32 4 31 1
31 2 32 1
32 4 31 1
31 2 32 0

1 2 1 4
1 2 1 4
1 2 1 4
1 2 1 4

12 2 3 4
12 2 3 4
12 2 3 4
12 2 3 4

0 0 0 0
0 0 0 4
23 1 23 4
23 4 23 1
4 23 1 23
1 23 0 4 

32 4 3 1
31 2 3 1
32 4 3 1
31 2 3 1
32 4 31 1
31 2 32 1
32 4 31 1
31 2 32 0

0 0 0 0
0 0
1 12 13 14
1 12 13 14
1 2 1 4
1 21 0 124

32 4 3 1
31 2 3 1
32 4 3 1
31 2 3 1
32 4 31 1
31 2 32 1
32 4 31 1
31 2 32 1

4 0
0 0 43 2
43 1 43 2
43 1 43 2
43 1 43 0

0 0 0 0





0 1 0
2 0 2 0
3 0 4 0

2 0 3 0
2 2 3 0
2 0 3 0
2 2 3 0
2 0 3 0
2 2 3 0
2 0 3 0
2 2 3 0

1 1 14 2
2 2 24 1
1 1 14 2
2 2 24 1
1 1 14 2
2 2 24 1
1 1 14 2
2 2 24 0

3 0 1 0
3 3 1 0
3 0 1 0
3 3 1 0
3 0 1 0
3 3 1 0
3 0 1 0
3 3 1 0

1 14 2
2 2 24 1
1 1 14 2
2 2 24 1
1 1 14 2
2 2 24 1
1 1 14 2
2 2 24 2

1 0 13 0
1 1 13 0
1 0 13 0
1 1 13 0
2 0 24 0
2 2 24 0
2 0 24 0
2 2 24 0
1 0 13 0
1 1 13 0
1 0 13 0
1 1 13 0
2 0 24 0
2 2 2 2
0
2 0 23 0
23 23

3 0 1 0
3 3 1 0
3 0 1 0
3 3 1 0
3 0 1 0
3 3 1 0
3 0 1 0
3 3 1 0


1 1 14 2
2 2 24 1
1 1 14 2
2 2 24 1
1 1 14 2
2 2 24 1
1 1 14 2
2 2 0 0

3 0 1 0
3 3 1 0
3 0 1 0
3 3 1 0
3 0 1 0
3 3 1 0
3 0 1 0
3 3 1

12 0 0 12
0 0 12 0
0 0 0
1 2 3 4
1 12 0 0
12 0 0 12
0 0 1
2 3 4 1 2
0 12 0 0
12 0 0 12
0 0 0 1
2 3 4 1 2
12 0 0 12
0 0 12 0 0
23 0 23 0
23 23 1

1 2 2 3
3 4 1 2
2 3 3 4
1 2 2 3
3 4 1 2
2 3 3 4
1 2 2 3
3 4 1

3 0 1 0
3 3 1 0
3 0 1 0
3 3 1 0
3 0 1 0
3 3 1 0
3 0 1 0
3 3 1 0

23 0 1 0
34 3 1 0
23 0 1 0
34 3 1 0
23 0 1 0
34 3 1 0
23 0 1 0
34 3 1 0
23 0 0 0
0 0 0 0
0 0 0 0


0 0 0 0 
0 0 0 0
0 0 0 0
0 1 2 1 
2 1 2 1
2 3 4 1  
2 1 2 1 
2 3 4 1
1234 1 2 3
1234 1 2 3
1234 1 2 3 
1234 1 2 3 
1234 1 2 3 
1234 1 2 3 
1234 1 2 1234 
1234 2 3 
1234 2 3 4
1 1234 0 0
0 1 0 2
0 3 0 4
0 12 0 34
0 13 0 24 
0 12 0 34
0 13 0 24
0 12 0 34
0 13 0 24 
0 12 0 34
0 13 0 24
0 12 0 34
0 13 0 24 
0 12 0 34
0 13 0 24
0 12 0 1234
0 1234 1234 1234
1234 1234 1234 1234
1234 1234 1 2  
3 4 12 234 
3 4 12 234
3 3 4 12
3 4 12 234 
3 4 12 234
3 3 4 12
3 4 12 234 
3 4 12 234
3 3 4 12
3 4 12 234 
3 4 12 234
3 3 24 1234
3 4 12 234 
3 4 1234 234
1234 234 1234 234
1234 1234 1 2 3
1234 1 2 3
1234 1 2 3 
1234 1 2 3 
1234 1 2 3 
1234 1 2 3 
1234 1 2 1234 
1 2 3 1234 
1 2 3
1234 1 2 3
1234 1 2 3 
1234 1 2 3 
1234 1 2 3 
1234 1 2 3 
1234 1 2 1234 
1234 1 2 3
1234 1 2 3
1234 1 2 3 
1234 1 2 3 
1234 1 2 3 
1234 1 2 3
1234 1 2 3
1234 1 2 3 
1234 1 2 3 
0 1234 1234 1234
1234 1234 1234 1234
0 0 1 2  
3 4 12 234 
3 4 12 234
3 3 4 12
3 4 12 234 
3 4 12 234
3 3 4 12
3 4 12 234 
3 4 12 234
3 3 4 12
3 4 12 234 
3 4 12 234
3 3 24 1234
3 4 12 234 
3 4 1234 234
1234 234 1234 234
1234 1234 234 1234 234 1234 234 1234 234 1234 1234 1234 1234 1234 1234 1234 123 123 23 23 1234 1234 1234 1234 123 123 23 23 1234 1234 12 34 1234 1234 1234 1234 23 23 12 12 1234 1234 1234 1234 1234 1234 1234
1 2 3
1234 1 2 3
1234 1 2 3 
1234 1 2 3 
1234 1 2 3 
1234 1 2 3 
1234 1 2 3 
1234 1 2 3 
1234 1234
0 0 0 0 






0 0 0 0
0 0 0 0
0 0 0 0 0 0
1 2 12 1
1 2 12 1 
1 2 12 1
1 2 12 1
1 2 12 1
12 32 12 32
1 2 12 1
1 2 12 1
1 2 12 1
1 2 12 14
14 24 124 14
14 24 124 14
14 24 124 14
14 24 124 14
14 24 124 134
134 324 1234 134
14 24 124 14
14 24 124 14
14 24 124 14
14 24 124 1234
134 234 1234 134
134 234 1234 134
134 234 1234 134
134 234 1234 134
134 234 1234 134
134 234 1234 134
134 234 1234 134
134 234 1234 134
134 234 1234 134
134 234 1234 134
134 234 1234 134
134 234 1234 0
0 0 0 0 
0 0  
1234 123
1234 324
1234 
123 234 34
12 24 234
12 24 234
12 24 234
12 24 234
12 24 234
12 24 234
12 24 1234
1234 234 34
12 24 234
12 24 34
12 24 34
12 24 34
12 24 34
12 24 34
12 24 34
12 24 34
12 24 34
12 24 34
12 24 34
12 24 34
12 24 34
12 24 34
12 24 34
12 24 34
12 24 34
12 24 34
12 1234
12 12 34 1234
12 12 34 1234
1234 12 34 1234
12 12 34 1234
12 12 34 1234
1234 12 34 1234
12 12 34 1234
12 12 34 1234
1234 12 34 1234
12 12 34 1234
12 12 34 1234
12 12 34 1234
12 12 34 1234
12 12 34 1234
12 12 34 1234
1234 234 1234 0
0 0 0 0
0 0 0
0 0
0 0
4 41 42 43
4 43 42 41
42 43 4 43
42 41 42 43
4 43 42 41
42 43 4 43
42 41 42 43
4 43 42 41
42 43 4 1234 
0 0 0 0
0 0 0 0
0 0 0 0 
0 0 0 0
0 0 0 0
0 0 0 0
0 0 0 0
0 0
1 2 3 4 
2 3 3 4
42 32 41 12 
24 34 12 23 
1 2 23 123
432 1234 1234 432
42 32 41 12 
24 34 12 23 
1 2 23 123
432 1234 1234 432
42 32 41 12 
24 34 12 23 
1 2 23 123
432 1234 1234 432
4 3 1 2 
3 4 2 4 
0 0 0 0
0 0 0 0 
0 0 0 0 
0 0 0 0
0
1 2 12 1
1 2 12 1 
1 2 12 1
1 2 12 1
1 2 12 1
12 32 12 32
1 2 12 1
1 2 12 1
1 2 12 1 
1 2 12 1234
134 234 1234 134
134 234 1234 134
134 234 1234 134
134 234 1234 134
134 234 1234 134
134 234 1234 134
134 234 1234 134
134 234 1234 134
134 234 1234 134
134 234 1234 134
134 234 1234 134
134 234 1234 0 0
0 0 0 0
0 12
24 124 134
134 324 1234 1234 1234
0 0 0 0
0 0 0 0
